  #     beta     phi_d     phi_m       f
   1 1.6311e+04 6.1738e+02 7.3221e-05 3.8443e+03
   2 1.0874e+04 2.7302e+02 2.4168e-04 6.1857e+02
   3 7.2491e+03 1.5435e+02 5.3500e-04 2.7564e+02
   4 4.8327e+03 1.4117e+02 5.1743e-04 1.5823e+02
   5 3.2218e+03 9.7285e+01 6.9037e-04 1.4367e+02
   6 2.1479e+03 8.1251e+01 6.4364e-04 9.9510e+01
   7 1.4319e+03 7.7687e+01 7.3893e-04 8.2633e+01
   8 9.5462e+02 6.8816e+01 7.5271e-04 7.8745e+01
   9 6.3641e+02 6.1232e+01 1.1496e-03 6.9534e+01
  10 4.2427e+02 5.3484e+01 1.0164e-03 6.1964e+01
  11 2.8285e+02 5.1251e+01 1.2838e-03 5.3915e+01
  12 1.8857e+02 4.5208e+01 1.7149e-03 5.1614e+01
  13 1.2571e+02 4.3437e+01 1.4526e-03 4.5531e+01
  14 8.3807e+01 4.2848e+01 1.5491e-03 4.3620e+01
  15 5.5871e+01 4.0241e+01 1.4507e-03 4.2978e+01
  16 3.7248e+01 3.8409e+01 1.5467e-03 4.0322e+01
  17 2.4832e+01 3.6652e+01 1.5593e-03 3.8466e+01
  18 1.6554e+01 3.6545e+01 1.5973e-03 3.6690e+01
  19 1.1036e+01 3.3276e+01 1.7889e-03 3.6572e+01
